{
  "advancedEditorSelectedIdentifier" : "ProjectBrowser",
  "openSceneRelativePaths" : [
    "Immersive.usda"
  ],
  "recentIdentifiers" : {
    "AF09ED6F-1707-48FD-8720-65B998362C09" : [

    ]
  },
  "sceneCameraHistory" : {
    "AF09ED6F-1707-48FD-8720-65B998362C09" : [
      {
        "date" : 767178782.416476,
        "title" : "Untitled",
        "transform" : [
          0.99911124,
          5.9989048e-05,
          0.042152647,
          0,
          0.01661153,
          0.9185139,
          -0.39503962,
          0,
          -0.038741507,
          0.3953888,
          0.9176964,
          0,
          0.9403059,
          1.361472,
          5.515935,
          1
        ]
      },
      {
        "date" : 767169200.835572,
        "title" : "Untitled",
        "transform" : [
          0.90491873,
          5.99897e-05,
          0.42558447,
          0,
          0.24240388,
          0.82186395,
          -0.5155386,
          0,
          -0.34980345,
          0.5696839,
          0.74370545,
          0,
          -0.40718547,
          2.1100967,
          4.815153,
          1
        ]
      },
      {
        "date" : 767168886.592888,
        "title" : "Untitled",
        "transform" : [
          -0.030561414,
          5.9968e-05,
          0.99953294,
          0,
          -0.17959587,
          0.9837248,
          -0.0055503296,
          0,
          -0.98326576,
          -0.17968151,
          -0.030053325,
          0,
          -4.788125,
          -1.7192345,
          1.5629817,
          1
        ]
      },
      {
        "date" : 767168879.277751,
        "title" : "Untitled",
        "transform" : [
          0.9211396,
          5.996232e-05,
          0.38923252,
          0,
          0.2023357,
          0.85419434,
          -0.47896987,
          0,
          -0.33250904,
          0.5199538,
          0.78682,
          0,
          -0.24876332,
          1.8667175,
          4.9777803,
          1
        ]
      },
      {
        "date" : 767168789.01679,
        "title" : "Untitled",
        "transform" : [
          0.58847314,
          5.9970153e-05,
          0.8085168,
          0,
          0.6461676,
          0.6010285,
          -0.470353,
          0,
          -0.48596996,
          0.79922754,
          0.3536503,
          0,
          -1.8906926,
          3.811796,
          2.6831834,
          1
        ]
      },
      {
        "date" : 767168514.391855,
        "title" : "Untitled",
        "transform" : [
          0.9922268,
          5.9986683e-05,
          0.124442905,
          0,
          0.053555712,
          0.9024496,
          -0.42745334,
          0,
          -0.112329155,
          0.43079534,
          0.8954315,
          0,
          0.4864565,
          1.9431398,
          4.614277,
          1
        ]
      },
      {
        "date" : 767168510.393597,
        "title" : "Untitled",
        "transform" : [
          0.9935144,
          5.999249e-05,
          0.11370601,
          0,
          0.09830055,
          0.5021545,
          -0.8591728,
          0,
          -0.057149578,
          0.864778,
          0.4988918,
          0,
          0.7475399,
          4.151707,
          2.7607665,
          1
        ]
      },
      {
        "date" : 767168447.740526,
        "title" : "Untitled",
        "transform" : [
          0.9970237,
          5.998018e-05,
          -0.077095136,
          0,
          -0.016108247,
          0.9780902,
          -0.20755707,
          0,
          0.07539355,
          0.20818117,
          0.9751801,
          0,
          1.2139657,
          0.27516282,
          2.5596304,
          1
        ]
      },
      {
        "date" : 767168436.765757,
        "title" : "Untitled",
        "transform" : [
          0.99865586,
          5.9980033e-05,
          -0.051831637,
          0,
          -0.014649424,
          0.9595536,
          -0.28114447,
          0,
          0.04971837,
          0.28152588,
          0.95826465,
          0,
          1.1887563,
          0.34734228,
          2.543881,
          1
        ]
      },
      {
        "date" : 767168427.023459,
        "title" : "Untitled",
        "transform" : [
          -0.9943906,
          8.406125e-09,
          0.105770186,
          0,
          0.049900293,
          0.8817161,
          0.46913388,
          0,
          -0.09325927,
          0.47178027,
          -0.8767702,
          0,
          0.7144416,
          0.5444255,
          0.78563005,
          1
        ]
      }
    ]
  },
  "sceneViewportBackgroundColors" : {

  },
  "selectedSceneRelativePath" : "Immersive.usda"
}